Taxa	ray_floret_count_al25	ray_floret_count_comb	ray_floret_count_ks24	ray_floret_count_ks25
S00467	37	46.21470123	56	NA
S005QE	17.5	18.01898485	19	20.1255979
S005QF	18	19.52767682	23	21.6255979
S005QJ	11.5	12.05962022	13	13.04116065
S005QK	28	29.1266576	32.02975399	32.33481354
S005QL	14	10.04541069	NA	10.20984509
S005QM	30	26.54373757	NA	27.25828729
S005QN	NA	15.88700525	16	19.90678995
S005QP	25.75	23.02437548	25.34325133	24.82580165
S005QQ	23	21.40315337	21.02975399	21.22788073
S005QR	19	19.78302814	19.97024601	24.48220475
S005QT	NA	17.21811023	NA	17.31343067
S005QV	15	17.91881749	23.02975399	NA
S005QW	14.5	14.11349994	15	13.90678995
S005QX	23	21.36140146	NA	NA
S005QY	29.5	23.69333581	29.97024601	30.31343067
S005R0	20.33333333	22.74669162	26.25	25.88499495
S005R1	NA	23.35308583	28.02975399	22.90632199
S005R2	15.5	13.93814253	13	18.02797726
S005R3	NA	NA	NA	NA
S005R5	NA	16.42091104	18.02975399	18.90632199
S005R6	NA	16.22541038	19.5	17.05679257
S005R7	NA	28.00189417	30.02975399	30.10987633
S005R8	15	15.92300564	15	18.02386185
S005R9	19	25.94915752	45.02975399	18.16260107
S005RA	22.5	22.73050655	21.97024601	21.65097883
S005RC	35	31.81749149	30	31.10987633
S005RE	23.5	20.22110891	17.5	24.23801587
S005RF	30.25	28.62301077	29.5	30.54956031
S005RH	22.5	19.62618373	14.97024601	23.09667213
S005RJ	34	30.48724421	28.75	33.91335107
S005RK	20.5	20.234627	23.02975399	22.09667213
S005RL	22	20.70674573	20.02975399	25.1255979
S005RM	17	16.7282612	15	17.17170077
S005RN	19	17.16279212	15.5	17.90223748
S005RP	13.5	14.331707	15	14.90632199
S005RQ	19.5	18.87140872	20.5	19.46714962
S005RR	16	15.21097624	16.02975399	18.17331778
S005RT	15	16.92269411	NA	NA
S005RU	13	11.17223728	12.34325133	12.78531511
S005RV	17	14.03425852	13.5	12.79874568
S005RX	16	15.54017011	15	17.90678995
S005RY	26	24.02367609	26.02975399	NA
S005T0	13	15.91174538	NA	NA
S005T1	19.5	19.48891007	20	21.4156431
S005T2	22.66666667	24.08573542	23.5	34.17331778
S005T3	22.66666667	21.0447043	20	24.9113398
S005T4	24	20.43470977	18.5	23.31343067
S005T6	19.5	16.04347745	16	17.4113398
S005T7	17.5	15.94788688	NA	17.4156431
S005T9	21	16.7259719	NA	15.4156431
S005TA	27.5	21.91627321	23.5	24.73801587
S005TC	13	14.52907393	16.5	18.05679257
S005TE	25	25.37658236	32.02975399	25.09528916
S005TF	24	20.61109094	18	23.28702227
S005TH	27	22.29423243	21.5	24.22936152
S005TJ	21.66666667	23.36502902	27	26.71601738
S005TK	17	20.52792874	24.02975399	25.17170077
S005TL	19	17.3782567	16.02975399	20.68231012
S005TM	19	17.5572089	18.5	18.79874568
S005TN	NA	23.55088342	26.5	24.02797726
S005TP	14	13.90213757	15.97024601	NA
S005TQ	20	17.16211271	17	NA
S005TR	14	15.96069764	16.97024601	17.65097883
S005TT	18.5	19.10332929	17.5	24.59667213
S005TU	17	16.1005085	16.34325133	16.16124624
S005TV	23	21.07693251	24.02975399	20.76871134
S005TW	12	12.95153302	13.97024601	NA
S005TX	16	15.29440246	16.67658466	17.74256572
S005TY	18	19.59656154	21	20.25373743
S005U0	23.5	26.2867938	24.5	32.33536264
S005U1	20.5	23.70271225	26.25	27.00400597
S005U2	16	14.88179127	15.52975399	17.81314554
S005U3	20	15.08653029	14.5	14.40678995
S005U4	NA	18.7934227	22.5	30.16260107
S005U5	22	22.83305828	24	25.65097883
S005U6	17	20.2282706	23.02975399	24.10987633
S005U7	17	19.09557722	19.5	23.65097883
S005U8	20	22.27881848	24	26.76871134
S005U9	17	14.41952146	16	12.54116065
S005UA	20	17.49161407	18.5	19.10987633
S005UC	23	22.19912627	21.5	25.17170077
S005UE	15.5	14.8513469	14	13.78554148
S005UF	19.5	39.62491216	54.02975399	59.90632199
S005UH	NA	14.37722618	15.5	17.33536264
S005UJ	15	19.45309641	25	21.29874568
S005UK	17	17.42837643	18.02975399	19.04107101
S005UM	22	17.66971157	19	14.15338436
S005UN	18.5	19.00074372	18.5	19.96751976
S005UP	13	12.7753423	14	NA
S005v3	NA	25.37378921	27.02975399	NA
S005V3	23	22.70493166	23.02975399	25.47126562
S005V4	20.5	20.5685556	22.75	23.01846885
S005V5	26	25.36699443	31.97024601	28.61688562
S005V6	NA	21.73554649	22.97024601	NA
S005V7	12	11.67717481	12.5	14.76871134
S005V8	28	23.37776968	25.34325133	20.72481167
S005VA	22	23.63254428	27.02975399	26.55679257
S005VC	13	12.11485349	12.990082	12.65097883
S005VE	16.66666667	17.35085185	19.009918	18.67330238
S005VH	22	18.71468559	15.97024601	17.60987633
S005VJ	24.66666667	22.66046029	25.02975399	22.53896418
S005VK	22	14.92339629	NA	11.3448738
S005VL	23	17.38674254	17	18.3983443
S005VM	23.66666667	21.53056676	25.02975399	20.09667213
S005VP	NA	8.479215479	13.02975399	8.171700772
S005VQ	21.5	27.87265432	48.02975399	26.22481167
S005VR	21	19.53311599	NA	21.16260107
S005VV	32	30.83471189	31.52975399	NA
S005VW	26	23.36741235	24.02975399	25.02386185
S005VX	NA	25.88415764	26.67658466	29.12038479
S005VY	NA	25.46865319	NA	28.01974644
S005W0	25	29.67604168	36.5	32.52744462
S005W1	25.5	24.80778224	24.5	28.77726146
S005W2	13	14.41768335	17	17.04107101
S005W4	16.5	15.16692696	16	17.81446724
S005W5	16	14.02394242	12	15.8983443
S005W6	14	13.19937589	15	16.0278668
S005W7	16.5	14.3353011	16.02975399	14.98444843
S005WA	NA	10.46865319	NA	13.01974644
S005WF	NA	17.04555881	20.32341534	17.87515621
S005WH	16	14.78332111	15	18.46751976
S005WJ	18	16.47567866	18.02975399	18.46714962
S005WK	27	20.86136516	22.02975399	17.65097883
S005WL	26	28.5164569	32	33.05679257
S005WM	20.5	16.60399076	14.97024601	17.5278668
S005WN	NA	18.3308788	NA	20.86175936
S005WP	19	19.07541894	NA	26.06257486
S005WT	23.5	23.43391645	22	29.23801587
S005WU	19	18.55908436	20.32341534	20.80900527
S005WV	NA	12.26720742	13.97024601	14.54107101
S005WW	NA	15.77132104	18.5	17.10987633
S005X0	NA	21.36759985	25.97024601	21.78554148
S005X1	NA	17.69413972	NA	20.28702227
S005X2	20	21.22345967	NA	24.66658856
S005X3	17	16.6041566	NA	NA
S005X4	15	13.6371847	15.02975399	17.76871134
S005X5	NA	13.80554417	13.02975399	17.83536264
S005X8	24	22.8227903	NA	24.79858399
S005X9	23	20.53703088	22.97024601	19.76871134
S005XA	NA	14.96322062	16.02975399	17.76871134
S005XC	21	19.8654159	NA	21.01974644
S005XE	19	23.20595182	25	30.17170077
S005XF	26	24.76713284	25.02975399	NA
S005XH	17.5	16.45844611	NA	18.29874568
S005XJ	18	15.71698238	NA	17.25373743
S005XN	NA	NA	NA	NA
S005XQ	NA	11.49344321	13	NA
S005XR	29	25.84472572	NA	NA
S005XU	NA	11.50345391	NA	14.06257486
S005XV	18.66666667	18.07739947	19	21.09528916
S005XW	NA	13.48985184	NA	16.28406069
S005XY	NA	18.67771855	NA	16.5278668
S005Y0	NA	12.33238244	NA	14.90632199
S005Y1	NA	13.47921548	14.02975399	17.17170077
S005Y2	NA	10.69413972	NA	13.28702227
S005Y4	NA	11.80378594	13.02975399	14.72333088
S005Y6	NA	16.12722618	18.5	17.83536264
S005Y7	NA	14.7312696	15.02975399	14.76871134
S005Y8	NA	12.10738462	13.02975399	15.17331778
S005YA	NA	19.93656495	23.97024601	20.02797726
S005YC	38	21.56804551	13.97024601	NA
S005YE	NA	13.3641582	17	13.70984509
S005YH	46.5	41.41544335	48.52975399	35.45409303
S005YJ	36	39.41039737	42.47024601	44.77824866
S005YK	31	36.3781308	35	49.17170077
S005YL	22	19.42262012	23.97024601	19.02249005
S005YM	24.33333333	24.04602938	25	27.28554148
S005YN	26	23.93271225	NA	24.52386185
S005YQ	19.25	18.07616592	18.97024601	20.25828729
S005YR	22.66666667	29.98951894	43	30.82467784
S005YT	22.5	20.46460652	NA	21.4113398
S005YU	19	19.94081024	19.75	24.94929235
S005YV	26	23.38673498	24	24.27865041
S005YW	25.5	24.77130644	24.02975399	28.65601897
S005YX	NA	NA	NA	NA
S005YY	NA	22.0641166	24	24.36271845
S00600	26	21.68319345	16.02975399	19.17170077
S00601	NA	22.50345391	NA	25.06257486
S00602	NA	NA	NA	NA
S00603	16.5	17.77893843	21.5	19.72481167
S00604	21.66666667	19.55368508	27.97024601	15.48444843
S00605	24.66666667	22.30709193	21.02975399	24.29874568
S00606	22	17.91920396	NA	16.65097883
S00607	NA	16.41791818	NA	18.98444843
S00608	24	21.53159624	21.02975399	23.20984509
S00609	21	23.5073654	29.02975399	26.27865041
S0060A	22.5	21.54013429	25	21.60987633
S0060C	26.5	25.43433413	20.02975399	27.17331778
S0060E	23	21.05596304	NA	22.16260107
S0060F	19.33333333	21.48626328	23.5	25.91772149
S0060H	36.5	39.21504706	44.02975399	43.28406069
S0060J	28.5	29.50774682	33.5	31.09528916
S0060K	25.5	25.41418922	NA	28.16658856
S0060L	25	28.40744095	NA	33.81446724
S0060M	34.875	33.99748086	29.02975399	46.25373743
S0060N	28.5	35.46398416	39.6175615	42.18066557
S0060Q	17	18.6068609	NA	NA
S0060R	55	52.81682897	NA	53.06257486
S0060V	32	32.34951078	35.235123	34.35493483
S0060W	29	28.57802065	NA	NA
S0060X	19	24.49198	30.32341534	26.2878097
S0060Y	NA	24.11542395	25.47024601	26.64844225
S00610	23	21.26305397	18.97024601	25.71385413
S00611	42	49.94952652	57.25	55.38023172
S00612	14.33333333	18.47527995	28.02975399	NA
S00613	27	26.60240017	NA	NA
S00614	31.5	34.77016793	39.02975399	40.28406069
S00615	27	25.70242849	26.5	28.81446724
S00616	30.66666667	29.64386895	31.02975399	31.93149905
S00617	NA	25.43656495	24.97024601	30.02797726
S00618	31	30.30435629	NA	NA
S0061A	20.5	20.03514301	NA	NA
S0061C	25.5	29.58922807	38.02975399	30.8983443
S0061E	23	20.11681591	15.97024601	23.15338436
S0061F	28	40.03975253	38.02975399	53.4113398
S0061H	31.5	30.88097316	30	35.5278668
S0061J	12.5	12.16158152	12	14.0278668
S0061K	55.5	48.49691395	35.02975399	52.16260107
S0061L	44	37.50801027	35.5	36.3448738
S0061M	44.5	37.26066747	45.02975399	47.40678995
S0061N	36.5	30.27507914	32	19.02797726
S0061Q	15	13.84217224	14.67658466	15.7048782
S0061R	14	12.26217113	13.5	14.01974644
S0061T	19	14.57748667	12.02975399	NA
S0061U	13.5	17.33261068	17	29.01974644
S0061V	12.5	11.46894251	13	13.17170077
S0061W	38	42.76631133	43	66.33536264
S0061X	31	27.52501306	NA	30.31446724
S0061Y	19	16.29563831	NA	15.61258797
S00620	19	15.49398385	14	17.83536264
S00621	35.5	34.94189194	38.02975399	35.9156431
S00622	NA	13.57638844	14	17.04107101
S00626	15	14.81872917	15.5	17.81446724
S00627	NA	10.52238977	12	NA
S00628	17.5	17.90376193	19	20.02386185
S00629	13	13.96728017	9.970246008	NA
S0062A	NA	13.26896349	13.65674867	18.02797726
S0062C	52	42.30131032	55.5	36.02797726
S0062E	56	52.58591327	56	51.27865041
S0062F	39	40.47570595	34.5	52.72481167
S0062H	27	17.92937849	13.97024601	14.5278668
S0062J	20	19.66087168	23.5	26.02386185
S0062K	NA	10.54486068	11.97024601	NA
S0062L	20	15.90964105	16	17.6255979
S0062M	19.5	17.92787973	17	22.17170077
S0062P	29	30.18036277	34.02975399	47.6255979
S0062Q	46	62.31942808	79.5	65.83536264
S0062R	36.5	37.28925305	39.02975399	46.98444843
S0062T	40	29.39489219	29.5	42.24256572
S0062U	32.125	29.04282841	28.5	31.1066761
S0062V	25	22.40767583	21.5	25.66658856
S0064C	18	14.08566224	NA	NA